914687
481425
543719
640511
162909
862970
459939
304184
555845
938010
483977
770904
70516
420926
462472
793217
246028
536754
332092
843669
488884
70563
363369
489597
261361
936840
508289
400042
812637
223205
141892
299358
887634
750662
977027
244120
242763
104556
284221
618159
505540
72790
776032
475943
962506
795785
420154
461453
492646
792552
534314
218254
685107
913440
241902
723180
73221
560142
219007
269992
319894
343805
239382
368943
378236
720014
311255
415703
537886
21756
615114
329912
918035
803150
508839
296982
789488
840370
236186
294508
684159
628004
1587
500665
159897
132828
349396
725085
250262
471838
105381
895409
919543
69445
267969
497490
627352
166364
509969
375689
156103
633283
554858
275182
320035
451846
556649
865540
892231
853680
27002
977008
246916
531194
106268
600186
257758
839602
294144
204903
876532
278007
240620
877506
393652
29747
313497
465598
86075
469820
208763
853136
102830
237246
871690
268674
728064
168113
53321
418600
68084
814258
348554
910012
385655
454338
482916
46641
88629
640117
573560
543775
812135
22765
354780
95615
494802
728757
601582
93135
802962
900886
575384
334256
575808
650455
661531
454457
391593
635758
820178
999485
97257
41405
298756
940555
692083
724588
233381
772972
648608
804684
101877
899301
759870
834464
304232
285299
872181
39574
557267
491587
151158
127732
141362
999379
59852
522094
608674
939792
563163
129208
801290
188769
639389
777292
728937
679530
19863
238126
309815
29004
584733
1143
461849
228610
193282
995803
820600
187045
142631
727262
504508
798619
951620
545266
38835
961750
857443
449643
330166
826071
272653
884370
869620
172566
450860
328820
654504
678364
425277
498248
931474
153918
890445
242530
124974
694145
59568
383315
884509
652940
626248
282605
905755
91689
60816
105489
129735
921613
899116
853399
535321
680178
868180
946196
996962
386682
914303
465939
635089
38886
145785
395686
780693
700015
617648
764019
839420
521190
391206
217523
328545
27184
623871
919442
146012
386012
580602
722741
477334
620808
548041
582379
633408
970487
391268
493598
928921
294056
78441
497465
601260
113706
627034
89650
309575
901466
425024
689927
536927
6057
61775
802282
326398
628437
130738
312847
149130
555804
889903
637400
688547
139047
412036
406130
999602
568934
401379
195187
271951
725044
264990
686811
527600
12389
651661
586662
158248
495486
398205
643382
783057
498433
929603
645275
173048
281309
462456
338778
628382
792004
326144
578436
838832
634238
429530
652560
753842
883844
448924
646535
966473
39431
960235
542963
176336
200245
466234
707714
956877
898749
614216
651545
738282
413573
681097
671588
273808
593984
335195
475629
730506
334984
839423
66427
324549
845063
458461
57470
298540
195278
660781
150064
60393
170168
380618
545006
690463
595581
434246
865897
620338
78650
336007
869799
869387
865127
917830
618981
588294
653409
221088
791717
453481
878790
805085
975195
20370
963364
292630
93386
137772
470639
176620
467425
730109
315861
418569
964922
243302
288584
638375
303652
733669
600522
495023
668397
7318
827438
424499
670567
345095
692683
770348
963141
941504
396072
859438
394193
13855
490572
497464
55887
103167
805704
470073
24442
959286
421126
718141
460307
261311
2737
162238
53477
478955
57293
91201
945580
180834
916274
577646
701477
653040
553852
747840
325257
399681
10277
14392
145061
963254
993631
588075
805311
609044
457883
388370
433452
410952
9076
868736
882100
789581
375012
475895
369724
248012
385210