5351117812239361731553511178122393617315
9235596797637139682692355967976371396826
8855138583293162149388551385832931621493
1451729134617721765314517291346177217653
6914678787932161673469146787879321616734
6959922278272662497769599222782726624977
8922334712837354315589223347128373543155
3926958997964639435739269589979646394357
8998284748423439956189982847484234399561
4433344529983217547444333445299832175474
7528434429326522442575284344293265224425
1873579444187945115118735794441879451151
7112288181155754778571122881811557547785
7939344264238784589779393442642387845897
3582431666474494685935824316664744946859
8712641714314219415787126417143142194157
3145859349471146392131458593494711463921
4811814218864953942848118142188649539428
3213921935121626957132139219351216269571
4724957267849326121647249572678493261216
1469121295567223343514691212955672233435
5871556486331782988858715564863317829888
6585213264499739362665852132644997393626
2148915558281315872621489155582813158726
8513388855581138785485133888555811387854
4473366598824341966244733665988243419662
4792914134278352381747929141342783523817
2972887423754267593729728874237542675937
6857659941344241348168576599413442413481
1417656999935934547514176569999359345475
7858417128471117117678584171284711171176
2932436856825938314329324368568259383143
7324285736713155485173242857367131554851
9387168262164949494693871682621649494946
2265578625879769812222655786258797698122
7494573478482218722774945734784822187227
5276736154311793188352767361543117931883
5728124151637516832757281241516375168327
9762752855515595371397627528555155953713
5492358243859149611254923582438591496112
5557749497877487784255577494978774877842
4436459393431597857444364593934315978574
6669787219933724713466697872199337247134
5991522968547449829459915229685474498294
8961543248369128348889615432483691283488
8625815826671997283486258158266719972834
9126396492387575733291263964923875757332
1621373945989258245616213739459892582456
7293891782659684922272938917826596849222
9766527653556936149297665276535569361492
5528162629888266172255281626298882661722
1453935462272289622114539354622722896221
3446776155765622962534467761557656229625
6791999511433473289867919995114334732898
3778834198619396334837788341986193963348
3121436327833888974631214363278338889746
9613248636335357758596132486363353577585
6686186975242788231566861869752427882315
4413788776917499589544137887769174995895
7536429714244684897475364297142446848974
3825464121353669214538254641213536692145
1148823921492979155711488239214929791557
2365466954692841616523654669546928416165
3378828525355279128533788285253552791285
7736443249218317857877364432492183178578
2652848927379647782926528489273796477829
8598969293686423592685989692936864235926
8738898334917289648987388983349172896489
6633545319154457466366335453191544574663
2995869447445268619329958694474452686193
9669185175691931319696691851756919313196
2788315774625248344127883157746252483441
3846735863372628867838467358633726288678
1844132499895649517618441324998956495176
3215219124725888226732152191247258882267
8551842567388838355385518425673888383553
9698371748662882115496983717486628821154
3946698238162543117239466982381625431172
2836264463655843415128362644636558434151
4749764439743449695447497644397434496954
5154667266878775328151546672668787753281
3456929491668247919134569294916682479191
3841924626842385548638419246268423855486
1885831987643535827718858319876435358277
6657673564998249233366576735649982492333
2123482184263922576921234821842639225769
7976698168791882588279766981687918825882
2734929165768674796927349291657686747969
8448649437699597868184486494376995978681
1598953621311976231415989536213119762314
7414797918996566869774147979189965668697
5427742354771983458154277423547719834581
1997193937494845895119971939374948458951
8177257833998184113881772578339981841138
4452544272965858588244525442729658585882
1475246177582385596314752461775823855963
7992252182235628698479922521822356286984
8525319463527941841885253194635279418418
4262183185837938479742621831858379384797
5636472112463346478556364721124633464785
7696917955338456532376969179553384565323
4796473637526159712547964736375261597125
3656273944184168531536562739441841685315
6268331649858955456662683316498589554566
6866989233567916147268669892335679161472
6659123724783949843266591237247839498432
4719811395614543283247198113956145432832
6981573158686798428469815731586867984284
5632636349676163715556326363496761637155
2388841418964994935523888414189649949355
7985649847349241419579856498473492414195
6354586119779965333463545861197799653334
5211193325352774519752111933253527745197
2618739556465218622126187395564652186221
4862622633372545697148626226333725456971
7353745262435814412173537452624358144121
5676512885447167378756765128854471673787
2918887356324548427929188873563245484279
3556473437718424212835564734377184242128
2838267911814616728228382679118146167282
3264493884689985947532644938846899859475
5175785167794366952451757851677943669524
6764668196574826663367646681965748266633
2745895995458996812827458959954589968128
6727653928842142244567276539288421422445
2655693124974362882726556931249743628827
5632974172189592865656329741721895928656
6733897625616438757967338976256164387579
3969457823676649565239694578236766495652
4324632217689541619643246322176895416196
7295569686441378936372955696864413789363
7829753696883921624978297536968839216249
3472313928516284146534723139285162841465
3852881887348951549138528818873489515491
6912921999671575881669129219996715758816
9758283252848863878797582832528488638787
8161834484957147623781618344849571476237
1653995685552512198216539956855525121982
9831937148275145229298319371482751452292
5615561632967284449956155616329672844499
7939192822767162694779391928227671626947
1992834734687547249819928347346875472498
2968873458893194392529688734588931943925
6163222196764519865461632221967645198654
7725736778677467988177257367786774679881
1871995674617999173318719956746179991733
8379771852632122276683797718526321222766
3514917843473339291735149178434733392917
1517596411842394752415175964118423947524
2319797896383896824623197978963838968246
4139336294577855772541393362945778557725
8863498641228172199988634986412281721999
8128824435463493631381288244354634936313
6133963355347254296961339633553472542969
5669352963977878631556693529639778786315
6347712899988537254963477128999885372549
6733671312787658734767336713127876587347
1621733488256183445616217334882561834456
7635375717629641229176353757176296412291
8863678558865319283988636785588653192839
7373357454894491356773733574548944913567
2253785867363855412422537858673638554124
6899232397784623763668992323977846237636
3739468185374442285637394681853744422856
3371884715683133975733718847156831339757
8295633769557222343882956337695572223438
7331291474535499218173312914745354992181
4818675998658916853948186759986589168539
3672456997123148811636724569971231488116
7525298119834682857575252981198346828575
3294545373546444174232945453735464441742
6397867337572222539463978673375722225394
1189894252134141477311898942521341414773
6216859516336676547962168595163366765479
6665299233189326784266652992331893267842
4911418319895213211649114183198952132116
9689462652577923971396894626525779239713
3664962212447813246536649622124478132465
7213488368813823939372134883688138239393
2229547458981198354922295474589811983549
9457323742432586872294573237424325868722
1741479368972531368917414793689725313689
7184163692831499746171841636928314997461
4189368632572739147341893686325727391473
3421654622921779713534216546229217797135
3623956296145842814536239562961458428145
8635561945553443394886355619455534433948
4445451374366925733744454513743669257337
2842631287217885754528426312872178857545
1375444287616329578913754442876163295789
3859869137281677878938598691372816778789
2968826277933642512629688262779336425126
1718632765536819819617186327655368198196
8175435838836753872881754358388367538728
1522833252364641334115228332523646413341
4286216176683366469842862161766833664698
8324371397845558814583243713978455588145
6399498987645334642863994989876453346428
9589969764711749278895899697647117492788
7124457492657464269671244574926574642696
9717318475546521296697173184755465212966
1277115254815812936512771152548158129365
3564832588656371955535648325886563719555
9591925351876551936595919253518765519365
4458266977186182168444582669771861821684
9356859346123622774493568593461236227744
1218793187131887476912187931871318874769
2695291991343842152226952919913438421522
4517589326995551985445175893269955519854
3445467499332738343534454674993327383435
2564514426431824646525645144264318246465
4263638116919681784842636381169196817848
9436464951842911189694364649518429111896
2351892759434195342723518927594341953427
8852855816996385441288528558169963854412
2813722371918958132728137223719189581327
9943313482163434859599433134821634348595
3834443481651533477538344434816515334775
5917525748297214993259175257482972149932
9257811388189441887392578113881894418873
7289561285796719726872895612857967197268
7837171921819629943878371719218196299438
4369651992824584463143696519928245844631
6858345883841181189968583458838411811899
1183179215676582695411831792156765826954
5573463217823943931855734632178239439318
5998618398185898182659986183981858981826
7221214347986813398472212143479868133984
1675274626313675485616752746263136754856
3432253545219495335634322535452194953356
4866433314889371423548664333148893714235
5854335395165746962758543353951657469627
3634564198323249522136345641983232495221
4312185662883837875743121856628838378757
4538539249724184517145385392497241845171
1343541477769983516513435414777699835165
9762458246945294225897624582469452942258
7529623252146545516275296232521465455162
8189259647853435153881892596478534351538
1515942789798532982315159427897985329823
8819574994775123934988195749947751239349
7866416882169254326378664168821692543263
7576562526433587117775765625264335871177
9538216822611913684395382168226119136843
4999751279442717966649997512794427179666
2816825339338618481728168253393386184817
4442811549724214767844428115497242147678
4262459889957842594842624598899578425948
1466361333544194157214663613335441941572
5488259229981639313754882592299816393137
4711149221176139384847111492211761393848
9348689154535346329593486891545353463295
7539366172491486236975393661724914862369
2378749671423557615623787496714235576156
6341432656332469735463414326563324697354
8974749444693462724189747494446934627241
3557778467369167776635577784673691677766
9754854217339792544197548542173397925441
1155273185344599931311552731853445999313
3437498617727654838534374986177276548385
6783462553349352799767834625533493527997
3143434523226686963231434345232266869632
4414333757339728156644143337573397281566
5837993188943986551458379931889439865514
5743627349791593146957436273497915931469
1782758913723436892517827589137234368925
2253554671131484581322535546711314845813
4446454338846329663444464543388463296634
8658161336958971683786581613369589716837
2399642542647228576323996425426472285763
7513129339429862622475131293394298626224
1283629227576621336112836292275766213361
4241138161542197414242411381615421974142
1418449533868448469914184495338684484699
6471886875757116692764718868757571166927
6481114188546454945364811141885464549453
4538956263235996472945389562632359964729
1569298793145168374615692987931451683746
2152628325998311984921526283259983119849
3396294816917119273133962948169171192731
3729978463246511451437299784632465114514
9577455998432942937995774559984329429379
1891769657658544736618917696576585447366
4133441461689742776441334414616897427764
7698597716877677596676985977168776775966
3834938844592947679738349388445929476797
5686877933645588119656868779336455881196
8481397289733232287384813972897332322873
4978719163218218433749787191632182184337
3596416459875372298135964164598753722981
1995146195559546341619951461955595463416
8825177424759861738788251774247598617387
3322697414246726947733226974142467269477
4629344622897161259346293446228971612593
9828655945892668445998286559458926684459
9177225914666513471191772259146665134711
9348429211393414281393484292113934142813
7793127432355311548877931274323553115488
8294172774449937744682941727744499377446
7969664715469955777179696647154699557771
2773477796968637685827734777969686376858
6741923781158755771967419237811587557719
7781975134679915627577819751346799156275
6497479212151735675864974792121517356758
1952558842651274589419525588426512745894
5952799574943324734759527995749433247347
4523153341751552115445231533417515521154
1566966424499569169115669664244995691691
8428573198337863538884285731983378635388
9742815279178523898997428152791785238989
8838912896745548922688389128967455489226
1167123937736243264611671239377362432646
4248563176942155468642485631769421554686
7815689333394866612678156893333948666126
6598952697354564999765989526973545649997
3555812434416733481235558124344167334812
9567781985449184135895677819854491841358
4198989669941365489541989896699413654895
6765513633474177845467655136334741778454
6491336258114688534864913362581146885348
3857983856812216224638579838568122162246
2618298689513924866826182986895139248668
2765933394892761594627659333948927615946
5227425137748371636152274251377483716361
5463435397433657718854634353974336577188
4614361276823497199946143612768234971999
8262663395719812937982626633957198129379
3416312293796154288334163122937961542883
4235277553813997318542352775538139973185
9812259754865784816898122597548657848168
4327983134125125748243279831341251257482
8212997238773324892882129972387733248928
7623281552726264126776232815527262641267
4218255599275911319142182555992759113191
1856554398785141231218565543987851412312
6271469957892951144662714699578929511446
7334117777493914764373341177774939147643
7518499338576338788675184993385763387886
5843696218413929932658436962184139299326
7816494577724951691378164945777249516913
3558677237249356445935586772372493564459
3138616352322821421131386163523228214211
2145735538598992138521457355385989921385
9483711443958636762394837114439586367623
3787278839342864363237872788393428643632
8249698574838445956782496985748384459567
4673497679439391944146734976794393919441
1227237985934381472612272379859343814726
5269687374548532914552696873745485329145
7633365549582248211876333655495822482118
2286196972743632525922861969727436325259
9559216919719857269395592169197198572693
1231849155928759156912318491559287591569
5342875866155861665753428758661558616657
1647134264815496244916471342648154962449
4631426138319473885346314261383194738853
5988568817376393578559885688173763935785
5678465389418366295356784653894183662953
5148616275884828862651486162758848288626
9438444777279654664694384447772796546646
3912851111253245437539128511112532454375
2286382876759721563722863828767597215637
9293221596511913698892932215965119136988
5751881411757459882357518814117574598823
3433555556934937138334335555569349371383
5919312762789282753859193127627892827538
3988948235967733488539889482359677334885
5933597949237755688759335979492377556887
9496559476682988174594965594766829881745
4792445282973364244147924452829733642441
4926488294638143511749264882946381435117
6528674751519238113565286747515192381135
4681131289595237653846811312895952376538
1491842183638197994514918421836381979945
4716824138431172412847168241384311724128
6244354766397625531762443547663976255317
6514963575615752689265149635756157526892
3597732786395292454935977327863952924549
5649128195436623333856491281954366233338
5487141834811489264554871418348114892645
3779346513686158375237793465136861583752
3256465837199919122532564658371999191225
5775592331124822268757755923311248222687
8153241937917754861581532419379177548615
3296939548526963116332969395485269631163
5116481194793177299151164811947931772991
7686826666841332333576868266668413323335
4833932337591511332948339323375915113329
7455433365757715487274554333657577154872
4356819518644874197543568195186448741975
1238596327738338883912385963277383388839
1692257874699125782916922578746991257829
3441411921946324664434414119219463246644
3434457719999246878434344577199992468784
2399827417135923186323998274171359231863
2462755397378798773524627553973787987735
3279627725548922967432796277255489229674
7351539327927778119173515393279277781191
8888833117494537747588888331174945377475
2592891998632345523525928919986323455235
7965522933757388241979655229337573882419
3222772953784174791232227729537841747912
9555339547353335334995553395473533353349
6584297971716577731965842979717165777319
9588575443248755749995885754432487557499
8598258981798837137685982589817988371376
9425637993349179982294256379933491799822
7277785186159412986372777851861594129863
3191211692479944699731912116924799446997
8597688635969829721985976886359698297219
4679875851286362637246798758512863626372
8632222535614337759486322225356143377594
9551671634666632281195516716346666322811
3793691866662442512837936918666624425128
7688934225277428498676889342252774284986
2793814468831462424127938144688314624241
8799137412619652317887991374126196523178
5562321456681696627255623214566816966272
2462841344131387284924628413441313872849
1268446188316617813712684461883166178137
2328592763893921248223285927638939212482
2554534141117845519825545341411178455198
6414827122782385575464148271227823855754
3662559629235256672936625596292352566729
8672867544887113927186728675448871139271
1259955571795242976512599555717952429765
4723675394951942978747236753949519429787
3258666218232846735932586662182328467359
8295782972815154958782957829728151549587
5919683356723375212459196833567233752124
9774911762598974822797749117625989748227
7948455132178877632779484551321788776327
6425175576655999586564251755766559995865
3116894476999413859831168944769994138598
5833334398556229667758333343985562296677
6132326265326732264261323262653267322642
3543222764547446916635432227645474469166
6724115888935768592767241158889357685927
8695587483136868453386955874831368684533
7769672517832966691477696725178329666914
6936247398673853368469362473986738533684
3894657284137114139138946572841371141391
7755137597942959581877551375979429595818
4553568499743497316245535684997434973162
5318934459232166338453189344592321663384
5486562752521133573854865627525211335738
3999897365698735616239998973656987356162
5684356886813639316856843568868136393168
5559499458871545641255594994588715456412
8516375372925668333885163753729256683338
9177498414229563768191774984142295637681
4386899236877962349243868992368779623492
3617561258629799214336175612586297992143
3435587768678688243634355877686786882436
2835182896192345761628351828961923457616
8877765996966955525688777659969669555256
6565546453959836377365655464539598363773
5181125341343811491751811253413438114917
3985254282428566791939852542824285667919
4259771965122381718842597719651223817188
7537788167513713437375377881675137134373
2121496547854794924421214965478547949244
8689217278974483211186892172789744832111
8685119692321942672286851196923219426722
9273141152599275719592731411525992757195
6259287395383599384762592873953835993847
7336664482564954924373366644825649549243
5235921813819692551252359218138196925512
9651551365234748581196515513652347485811
9953177439947771982699531774399477719826
2351649598354864872523516495983548648725
6781718237277799941267817182372777999412
9252256226619139843592522562266191398435
5135844972632192855451358449726321928554
4499373525818886178444993735258188861784
2487169224357743128924871692243577431289
9241897644152446571292418976441524465712
4326423213618935493643264232136189354936
7812377975371881424978123779753718814249
8833142175298512514988331421752985125149
2837779161553389491228377791615533894912
5517862335313876646555178623353138766465
3312389552124232975933123895521242329759
9149226394873686946691492263948736869466
6454995182566112456764549951825661124567
1893973388262561749418939733882625617494
4246231635771489654842462316357714896548
3554984774616726837935549847746167268379
8565459668595881699685654596685958816996
2459117996475198125724591179964751981257
9341112744986915542193411127449869155421
7962186939474519221879621869394745192218
3883469415615527665438834694156155276654
4337131378777467273843371313787774672738
3257623795992375692132576237959923756921
6226848377712944874962268483777129448749
6633898996586168939866338989965861689398
6576913721485189145665769137214851891456
6236448229924499634762364482299244996347
9829584138629642159298295841386296421592