822933
320031
589416
535541
418336
841427
287718
595216
605139
88162
957555
206645
911240
682159
872534
365808
515150
792780
93181
586561
32573
467378
961328
543091
688453
961505
444025
84265
243568
859624
315057
899454
291052
831150
990728
907747
249132
805317
216585
221976
406059
461537
595254
683426
251234
55864
865315
378013
581407
944541
308160
463854
971303
912271
514233
67862
421685
24821
753930
330329
896458
252643
493673
749284
222307
564267
119594
156867
578519
851752
383365
338711
432044
47688
551613
832015
426112
656707
172818
610696
594618
852926
889498
457808
110717
854950
359252
626810
304247
552870
889785
903541
815841
796227
263182
500328
821879
548788
314842
826034
181099
315352
612488
121011
356548
386991
341721
420167
84627
79221
594668
615584
402897
136009
646501
552506
652857
188022
976218
881739
713952
309430
911926
57640
933386
664654
836032
858084
960801
872505
101868
327476
232844
424688
932831
966345
66818
377908
722165
811582
553114
6735
540622
881008
787307
984489
222139
66399
43986
802855
30228
258662
701987
357941
232621
545676
665710
342583
970899
146838
556405
806811
791114
426190
387739
586878
175832
602366
764101
743758
602697
185498
319528
328084
420059
722453
795933
382720
835172
739614
905413
723880
333800
209329
111131
873674
53713
857532
14405
10369
745757
572114
921414
603038
246563
938414
7181
327317
982326
824735
98537
757220
809434
710111
487188
594520
208991
888415
106493
624882
912788
970359
229505
37225
866393
973782
578614
328
303906
487504
910608
817349
266418
112466
362295
478245
877327
942
412925
571705
289041
492642
959432
391014
773130
11883
819741
899694
990615
658915
174946
2853
190846
506950
734992
820451
701170
592033
456157
910944
718170
897888
478389
587857
569438
243352
894097
851071
341785
814599
101727
274184
523587
73718
815981
843212
499083
1301
28200
263033
465438
321207
858654
757604
2132
423593
979038
367886
701934
304816
969064
567205
977131
603940
47562
58103
270546
434459
138876
954797
506340
268360
842602
756935
714447
388410
487808
624034
465643
453983
443413
155488
753976
856753
267087
209980
684073
277975
30900
940501
467976
266478
450962
587205
941035
617941
808991
869814
940300
275213
560164
212480
257722
637355
595209
859126
568084
885499
770613
812887
416765
611104
399159
154087
895407
44075
89727
768064
295371
398737
629025
712673
600473
577991
328088
24646
472518
623787
240885
956624
396884
329767
367060
926910
269320
10761
976496
745285
388355
104796
621262
115676
495020
495445
659392
624230
708863
896578
449985
888693
533986
230833
821661
468640
165094
176167
937688
961747
803592
606199
101569
812444
83575
701038
463913
48253
974251
263327
374579
742127
256497
526377
811736
953283
32248
452003
322277
468154
496063
923409
179254
604077
280264
256570
582706
412771
750692
51308
368511
216261
86537
852841
534039
160505
836582
140396
707502
898623
309551
648110
550195
822527
983952
652614
702384
734796
228168
416267
704840
485013
199932
886911
814738
997158
55410
743265
825676
15172
618131
403323
563963
27396
430366
417029
176828
703797
659
554772
49556
591671
466484
575501
108440
945991
818786
130722
247251
864680
157123
798838
39758
873524
476872
675081
975599
400451
229326
221301
876788
507330
979443
580074
65199
664763
629662
711694
162727
58699
394346
478845
94333
668539
122446
649839
132553
796765
958915
79288
650861
445927
351773
683125
201759
341650
550322
490020
579114
600546
51747
548971