589596
724094
534870
298396
530572
550277
573573
491582
244860
978390
307776
97636
104685
696374
884576
383712
925071
775474
320481
891891
341831
368081
863254
242025
66843
398671
49231
496153
8302
586453
405685
275135
456400
519673
708645
113134
260813
706398
538594
617239
146475
840721
6671
913017
353969
944216
463190
854651
734363
901250
264502
112000
621124
200179
613921
206549
712131
337715
550298
634347
96033
741524
768320
153930
824754
878857
150654
106806
783671
733082
622293
231840
901250
405489
856499
289401
684285
817334
500220
555289
509607
614474
69538
835968
465052
316106
65625
773353
414666
901446
729372
954289
685965
308070
619528
628621
206262
305655
704067
265300
341740
660611
725298
253988
783636
164122
503090
890827
213822
295792
988988
946974
288547
974008
711739
18690
944223
401835
9226
918624
738892
888419
51828
378924
554694
517139
538370
400001
582393
364630
176253
325542
975058
51352
292971
372372
319844
943026
405125
797503
402591
57519
806071
269549
484239
351295
695688
19257
828296
261191
947177
777567
580692
159481
64393
100961
690676
356517
3262
141624
46711
575302
693147
637847
778484
651287
282058
807457
974246
380604
104349
994070
508592
619080
594027
104181
341649
944237
627284
182042
179837
689234
911834
465626
295736
270634
827169
704151
867363
315
90937
14623
319438
689969
705978
592480
828772
990171
945287
846671
847798
880187
632821
807618
106596
247261
100373
45990
164367
813008
756581
708442
501648
690837
960806
751737
66241
581917
49203
162001
321909
792330
475895
160615
896805
858781
595476
566041
136913
682213
362754
812973
841568
893641
712999
81144
212632
764344
596218
773339
410536
938973
546308
81130
565964
617141
654654
685125
110803
33334
155260
738451
692083
413518
700728
542906
973980
876708
875637
331520
12621
444822
678559
214907
327026
316533
690865
464037
738101
810047
243978
602308
613970
451066
113897
430115
278845
573174
437192
550809
311556
932344
954954
626458
271600
793870
736113
430605
469798
230237
928242
15603
772702
575561
179270
619675
334257
339570
257978
997710
411761
306418
743638
143255
712866
161602
170457
331786
604352
816697
111776
52927
748440
245434
602154
390488
856471
305249
630280
300300
517825
979433
401926
268744
299509
944013
418698
226807
539994
103019
729078
614978
943789
891219
529144
574497
343532
696500
464184
484995
802102
895986
932393
295869
524895
891548
500423
463414
575288
694932
887551
705642
316589
467530
703038
346458
459368
431039
284690
515172
452683
247331
914907
258342
694757
457667
528157
556416
354438
494130
349013
51527
466781
29148
934234
690417
195195
35574
855778
522046
392910
33390
583961
835212
748811
325535
56294
958755
83307
343812
959483
516033
109844
523264
713048
89481
25984
220801
478744
963326
783125
57183
235473
421883
781879
319543
933450
133224
719775
449883
845649
113540
756392
368515
464282
929383
465878
760424
348047
656103
980917
762391
163835
306439
750883
409073
427077
985607
298907
668724
139524
580685
184611
536277
566223
587174
223300
692237
461622
313915
851109
673225
856947
412930
757827
168147
208754
375970
411838
309561
286188
242529
116382
992845
727643
699839
500213
669816
305655
918981
941283
950810
865774
426160
678874
818825
848092
662879
696444
391384
81648
198716
406021
10479
658070
726082
524706
856072
190491
695212
350427
845390
532140
723513
173943
553623
4543
524447
712586
456568
494109
700119
436534
931525
161553
94416
220171
651588
516103
156079