3526154656146976234884326796416564516253
8661341614719543668558663459174161431668
8243759536693859282992829583966359573428
8144285986266742873113782476626895824418
5542436361923436471771746343291636342455
4244774555164957914554197594615554774424
7598495217813815687557865183187125948957
1342275681277359198558919537721865722431
7227173426912969971331799692196243717227
9372544293187111273883721117813924452739
3932812493599393819999183939953942182393
9771676719889386211771126839889176761779
5729863795816777181331817776185973689275
3831646778478544665885664458748776461383
4772175149479321292332921239749415712774
6245272596911241337337331421196952725426
3572592366251995175115715991526632952753
1436861497799242292112922429977941686341
3821248856987496389559836947896588421283
6831787473256621148558411266523747871386
3833275114527465546226455647254115723383
3566667716974197136886317914796177666653
2247461551631518326446238151361551647422
5355489844328953379669733598234489845535
5667824654245139927887299315424564287665
8343686477235117673993767115327746863438
1451646137517537313663137357157316461541
8343752672591127451991547211952762573438
1924498363512433984224893342153638944291
4432292223318487377117737848133222922344
1284562144382934496226944392834412654821
2316567318231853621331263581328137656132
9254745741958594987447894958591475474529
4967988692992168138448318612992968897694
5499934387137937952442597397317834399945
3759559583969911928118291199693859559573
6449832414276616127557216166724142389446
3871444621263916456226546193621264441783
3982394966587993724444273997856694932893
7776247957658229219229129228567597426777
3318433175421494412882144941245713348133
3973346441633785911441195873361446433793
2484139846488985158558515898846489314842
1232935547981566913113196651897455392321
5731139648987472768888672747898469311375
3259283688486117384774837116848863829523
8517585936598945967227695498956395857158
7336833511257178363553638717521153386337
9675428299644578154334518754469928245769
5258262945229525773113775259225492628525
9832471422442196579229756912442241742389
9193757823466467161221617646643287573919
8859862476912851547997451582196742689588
2857983466172173636996363712716643897582
7222256428129899858998589989218246522227
5129238515375921417667141295735158329215
5531496281465743928558293475641826941355
3483934755371683375885733861735574393843
3324471783447261282882821627443871744233
6513537273617952396226932597163727353156
6388375162956587488558847856592615738836
8246171157675386436996346835767511716428
2381443662297896124774216987922663441832
8841818774976567798888977656794778181488
6955982815957917789119877197595182895596
2836264225517682115335112867155224626382
7868463375593333623883263333955733648687
5773163345461178392882938711645433613775
8954213691891827446776447281981963124598
4928396642176333485115843336712466938294
6759294951785772324774232775871594929576
9949315598876783815115183876788955139499
7515747421946828244774428286491247475157
5856449859314182961221692814139589446585
1856522979247985339999335897429792256581
6118834572338447253443527448332754388116
7452844678478798651331568978748764482547
4253799653478143523443253418743569973524
6556729554837353944884493537384559276556
9625928828286983462112643896828288295269
6915141587273988648558468893727851415196
7474525595929418321111238149295955254747
1383466213423154233553324513243126643831
8894294272564912221441222194652724924988
2712639617331123112882113211337169362172
6573622549169341377447731439619452263756
2887436277528423199449913248257726347882
2865614651922889234884329882291564165682
4693684282117525753113575257112824863964
6297633985664641263773621464665893367926
3878832647987898563223658987897462388783
9259565447578223473333743228757445659529
1172838945815594887447884955185498382711
9319952463921847553443557481293642599139
9768615646161467316556137641616465168679
4785845725977579827557289757795275485874
2346647251264497954444597944621527466432
6286864171955459176226719545591714686826
6598234998622423447117443242268994328956
8551897337826953466226643596287337981558
8261651142492654484114844562942411561628
4284821429416166238338326616149241284824
9312465885257278129999218727525885642139
4757328843894186685775866814983488237574
6444632493735781862552681875373942364446
6739762367519948591111958499157632679376
5687412312756447275775727446572132147865
8667241529851668777227778661589251427668
2867327189441492292882922941449817237682
9916869848473184462112644813748489686199
4943363837943143938558393413497383633494
5211688411895587185225817855981148861125
2956311711226237267777627326221171136592
6413879227273224732222374223727229783146
2825282778876174634994364716788772825282
8496912493523484647557464843253942196948
5257633573217594232442324957123753367525
4841744789376685436776345866739874471484
4898243119172225781551875222719113428984
1678786756552372496116942732556576878761
5955684718626988154334518896268174865595
7667269646996131677337761316996469627667
8775984495833121134224311213385944895778
6753155848462856839119386582648485513576
7194951816258785124114215878526181594917
5516278852784786831881386874872588726155
4816268233864993147777413994683328626184
6697331281687368975225798637861821337966
5538391748472356652222566532748471938355
5933185354958786574664756878594535813395
1832772412326549176996719456232142772381
1434353126525761166116611675256213534341
2155259819184966125115216694819189525512
1418949992148461474994741648412999498141
3775487139125431114114111345219317845773
1599782543738879355555539788373452879951
9735841183933164531331354613393811485379
6459553613112397536666357932113163559546
5883328455641848327557238481465548233885
9755816846641274399229934721466486185579
2142384879217325556116555237129784832412
3345144997364765974664795674637994415433
4735632116866824927337294286686112365374
8644116618379697258778527969738166114468
2696977975966355911111195536695797796962
9382676687184764288118824674817866762839
2618555846341478167227618741436485558162
4795184524959684871881784869594254815974
1949951557528743919339193478257551599491
1642314421416751779669771576141244132461
2465276435379937146446417399735346725642
4243811889715769622882269675179881183424
4142519935784635811111185364875399152414
4192169934724871498558941784274399612914
8975182764449619839889389169444672815798
8566912419687365734994375637869142196658
1752835485597329321441239237955845382571
1265412788279413124664213149728872145621
1385387484149793136116313979414847835831
5373228979956674854224584766599798223735
8267391991786212889449882126871991937628
6131118575558386227227226838555758111316
5797516921916364947777494636191296157975
3267943966333894666336664983336693497623
6134935234245358926666298535424325394316
8764765432175563492772943655712345674678
1645864476192172613333162712916744685461
4994382854852515517667155152584582834994
6587128799559412445225442149559978217856
6237235869166732342112432376619685327326
4717535839838771673223761778389385357174
2257435895178228984554898228715985347522
7733258349823739548118459373289438523377
5189467132191348942662498431912317649815
9633675515446973682992863796445155763369
3479265518144815572772755184418155629743
2756552359163964248118424693619532556572
4498785256985388325555238835896525878944
6523525132542627855445587262452315253256
7964833676456765589229855676546763384697
6787286478795982974224792895978746827876
6821492887967947817997187497697882941286
3572368379754428335445338244579738632753
9248871578676811617777161186768751788429
6498855948833686387117836863388495588946
8679114948298888739339378888928494119768
2782253257889777735555377779887523522872
7894298582283977346776437793822858924987
6954464121293745883773885473921214644596
2453557718617764244444424677168177553542
9272457391165878749559478785611937542729
8178466776877411353883531147786776648718
9922546567616282787887872826167656452299
8443545314823343826226283433284135453448
2523825435514941238448321494155345283252
5683232331514381457667541834151332323865
7591591345916827831221387286195431951957
6924986119672784968448694872769116894296
7598576696564583973993793854656966758957
8174271546722564784774874652276451724718
8794346258135299173223719925318526434978
7549582727587985184334815897857272859457
1732696279328421778888771248239726962371
9686484778251581771111771851528774846869
9828768862533482655225562843352688678289
6625443528931433766996673341398253445266
1739442534218779362442639778124352449371
5847539238736931251551521396378329357485
8864263179697974172332714797969713624688
4842174928152161992332991612518294712484
1831371728975168175225718615798271731381
1662686538476793192772913976748356862661
8759763351923799495115949973291533679578
6895545385343142751661572413435835455986
6974371365915869925225299685195631734796
5977665749177258926116298527719475667795
9547634692272114768448674112722964367459
7783666835953659176556719563595386663877
8753414869629171558448551719269684143578
4198249382755684164994614865572839428914
7549434257293779534664359773927524349457
6917322676175524289559824255716762237196
2349927222597185177447715817952227299432
8734281237819194916116194919187321824378
4985311932126385819449185836212391135894
3499515622819478714114178749182265159943
1459185612142239423223249322412165819541
9244351324675886964554696885764231534429
1973315453367794722882274977633545133791
4149962869999362486446842639999682699414
9444546442252451391441931542522446454449
4967314212381979786666879791832124137694
2747741738629524664554664259268371477472
7331813853915693834224383965193583181337
9513428215749815562992655189475128243159
2991767679113323789449873233119767671992
3257253423731188918888198811373243527523
2629277732868917238558327198682377729262
8232527869269781719889171879629687252328
8889965841653862757337572683561485699888
7497978912855216951111596125582198797947
8838693188388915471221745198838813968388
8511287261399667997227997669931627821158
1248793964381536154114516351834693978421
1451344451722776971221796772271544431541
8169215448493882459229542883948445129618
7923739769248192195885912918429679373297
4976127557867875123333215787687557216794
4775895515579514577337754159755155985774
1889731421921629112112119261291241379881
5818884793846664812222184666483974888185
4962965316118214799119974128116135692694
2324962886631725457227545271366882694232
7273724449795394736336374935979444273727
6546455928592357598118957532958295546456
4512914362145592175995712955412634192154
7926977656689883127887213889866567796297
1912115789921367668668667631299875112191
7381344815981197264774627911895184431837
4898446614638946817997186498364166448984
8468385321329842226556222489231235838648
4353569324756828774334778286574239653534
1141366671299356288118826539921766631411
1584724453827269278888729627283544274851
3585471753274792816336182974723571745853
4696418157511412137117312141157518146964
8341224117599878256776528789957114221438
2257662715782348582332858432875172667522
3181937391548559698668969558451937391813
1974794171681643879999783461861714974791
9189417367736887994444997886377637149819
5745989269295438717667178345929629895475
2763312343135933197337913395313432133672
5191769615659267299339927629565169671915
4629593148235438476886748345328413959264
3984694882997334637337364337992884964893
5817161821535458366226638545351281617185
5299766717675294314334134925767176679925
4313774549935983134994313895399454773134
9617489565141217983553897121415659847169
2325822583111749394114939471113852285232
3387784518882645334554335462888154877833
5835191171124729462332649274211711915385
3214492435853653545335453563585342944123
6826294362595851957117591585952634926286
7963867776759114264994624119576777683697
7597579764794712763113672174974679757957
2392998678659616137117316169568768992932
1413789233547552989889892557453329873141
2774799339339629827117289269339339974772
2647965756951513761111673151596575697462
9129741858835566532112356655388581479219
3588747915332957549779457592335197478853
3178863334759597854114587959574333688713
4899117576747389664554669837476757119984
5415447569959528354444538259599657445145
8336292291374755211991125574731922926338
2956721318498115564334655118948131276592
5832184274147143219229123417414724812385
5272218698248953989779893598428968122725
7215441231949569344554439659491321445127
2728359936696514399559934156966399538272
9493716518571621365665631261758156173949
8882337147457173873773783717547417332888
3338935677235832943663492385327765398333
4142458735876284476556744826785378542414
3911898841728578916226198758271488981193
7288553756833584899559984853386573558827
4217377811259762853993582679521187737124
5764468173466571459779541756643718644675
1452576445534456419339146544355446752541
6298266981882582314774132852881896628926
3491767349282243216556123422829437671943
9242174138569457643553467549658314712429
1645172826661334175335714331666282715461
5139499526133881269229621883316259949315
2374435133322859365885639582233315344732
7519273428514249539559359424158243729157
5349865854554723178448713274554585689435
4251227233359898154334518989533327221524
9115423185326576895225986756235813245119
9782266375622396554664556932265736622879
1785857424121122385775832211214247585871
2467619475512334431771344332155749167642
5419867421127457185995817547211247689145
8175155512885915175775715195882155515718
9177865715392259993553999522935175687719
4994652322866136833993386316682232564994
6437514737682355463883645532867374157346
1511764747193365787667875633917474671151
5319795119383846941661496483839115979135
5127857833818847933553397488183387587215
4146842375243357298558927533425732486414
1238471442874441683883861444782441748321
9472678472848411425885241148482748762749
3779664292697777669889667777962924669773
4357859521835132742222472315381259587534
3788774165149841687117861489415614778873
8878894145996222976666792226995414988788
2781486341748684714884174868471436841872
8378998337319616566446656169137338998738
9947294345812298876886788922185434927499
8512615815184555825225285554815185162158
9777431677483333278888723333847761347779
6528222999386751591771951576839992228256
8495487525592334656666564332955257845948
8198977392442457978668797542442937798918
8353491754914437539229357344194571943538
1111672368934221381771831224398632761111
3234636334187373134224313737814336364323
5939233429234154677337764514329243329395
4864547492574478199229918744752947454684
5138335978273634445885444363728795338315
3183475996666371274444721736666995743813
1597517734575385183333815835754377157951
5636569659657374832222384737569569656365
1382499376467545432772345457646739942831
3579413239877882994774992887789323149753
6786399129981521489669841251899219936876
8473744644345563373883733655434464473748
8266974986817391368778631937186894796628
1614421237243444954114594443427321244161
6656986153369182977997792819633516896566
1225867877623969217447129693267787685221
8732452466222528445995448252226642542378
8559542415949533223113223359495142459558
9948882748855862527887252685588472888499
1159247953313424452992544243133597429511
5638644892482912425885242192842984468365
4119361828475341242112421435748281639114
7796484392715883863663683885172934846977
4925131748167555149559415557618471315294
2351441128254729748228479274528211441532
8512299645681925158338515291865469922158
9953837577993554419779144553997757383599
4143757453743563236556323653473547573414
4788118519614257976556797524169158118874
7544639361449976252552526799441639364457
1845478326983439413113149343896238745481
8934976534796934146116414396974356794398
4574317415835941259889521495385147134754
5966541981734891935445391984371891456695
5192216327273658248558428563727236122915
8666692335973768758118578673795332966668
1949137883483993257117523993843887319491
4647285978858334426556244338588795827464
8998714257198813983773893188917524178998
3965141462299852158668512589922641415693
5882791986452573352552533752546891972885
9824878481273728889669888273721848784289
7149574341173894457337544983711434759417
8525734436858141467557641418586344375258
4982425947427961664444661697247495242894
9938132244998945162222615498994422318399
4993344476415328212772128235146744433994
1969171551288442812442182448821551719691
6333397984832721695775961272384897933336
8338538175736386651551566836375718358338
2131837644227467348888437647224467381312
4531133711991491145665411941991173311354
4171728846512467747227477642156488271714
3447391684537384799999974837354861937443
9597173176291244216776124421926713717959
5418451632172596914444196952712361548145
3666683562476484659229564846742653866663
1856163798222975728118275792228973616581
8897318354464713848118483174644538137988
8773386859167455949779495547619586833778
2463854679355167782222877615539764583642
9719427328527839973333799387258237249179
5625338366737476992112996747376638335265
2465358661237754177447714577321668535642
8681133849186518484224848156819483311868
3976747422424978772882778794242247476793
3737276146423554952992594553246416727373
3111424924635646996886996465364294241113
6177259176788361595555951638876719527716
7389428563122612529669252162213658249837
6152892883978549712992179458793882982516
7195473722627264537997354627262273745917
3668499667858332666336662338587669948663
3423867227919773572552753779197227683243
6925311477229467335885337649227741135296
8117181969957582914884192857599691817118
5865811931473734163553614373741391185685
2886529916418133932222393318146199256882
1269235769388112563223652118839675329621
2658135663152512775775772152513665318562
3383484792817168787667878617182974843833
7731616979134266592222956624319796161377
3986336984655931269669621395564896336893
4262523691395447956556597445931963252624
9378561513678519298998929158763151658739
8142545821272281665995661822721285452418
4283214471839726333663336279381744123824
8682921332531522626446262251352331292868
2562731757624463351221533644267571372652
2634355166595112115115112115956615534362
5388117469438778186226818778349647118835
4757182276156877179559717786516722817574
9519745361123521188778811253211635479159
9582196398592544382222834452958936912859
5334591731217996752332576997121371954335
8642373284158579867117689758514823732468
4717144141923185328558235813291414417174
5116791694913477972112797743194961976115
6367784519871552529449252551789154877636
3161658379867961652662561697689738561613
8369847491218635368668635368121947489638
4962925855874345627667265434785585292694
7169181772847249498778949427482771819617
3855693348399163778338773619938433965583
8817468749547969922992299697459478647188
4334475496673177511331157713766945744334
2911712386594723329339233274956832171192
5956592256852432323773232342586522956595
1379276886495558729119278555946886729731
8146696371612332121991212332161736966418
7954811461195327583993857235911641184597
4166117386799566237997326659976837116614
6441954846329997617337167999236484591446
3929343621141891553883551981411263439293
8232969866166884188778814886616689692328
5729972123972486511991156842793212799275
2546414816738525264884625258376184146452
7384538942775373512112153735772498354837
2927635248417975367337635797148425367292
2985915797191138658778568311917975195892
6681738663651287392552937821563668371866
5547773383496764753223574676943833777455
6794432521865486311991136845681252344976
2813967738431487784554877841348377693182
9933739179679749511331159479769719373399
1443983141438217781331877128341413893441
5262589991728393653663563938271999852625
4333959333665937757777577395663339593334
3439484623643665434774345663463264849343
8876978947472617545775457162747498796788
9166933533959741183223811479593353396619
2367394358544435914884195344458534937632
3488382935397919348558439197935392838843
9348158848861941352442531491688488518439
7794633793626543718448173456263973364977
1943627782518674264334624768152877263491
3986898525529267612662167629255258986893
8765694399178594456556544958719934965678
9769629968533647924994297463358699269679
7476542886251293429119243921526882456747
8931334353879266351661536629783534331398
8534646488332962846666482692338846464358
2166528656667877157887517787666568256612
8773372474781436962332696341874742733778
4489244327385891174884711985837234429844
9628423615588372893333982738855163248269
6564897549724186258448526814279457984656
2436955574561238647997468321654755596342
6921169262979225349119435229792629611296
1737423694985433318998133345894963247371
1648213443417227567667657227143443128461
5475483155463916619669166193645513845745