950023
859973
607741
30829
858527
940421
313477
267481
471467
393383
792301
381761
962099
475759
622247
127849
572699
269851
946367
384331
497741
775639
23117
515323
711649
523639
604223
26861
958673
699617
565937
513727
875327
899263
455099
310823
467833
769973
658453
13933
74887
961943
631751
546677
234293
848473
216107
124781
184211
805339
14251
574711
399353
535133
718901
141671
379369
795661
944389
484829
919031
159073
747611
111959
660181
792301
181019
71551
570413
300277
39241
897947
369793
283637
405641
340369
36097
493693
404981
621343
411491
159361
915613
332803
530237
74903
69697
461051
316663
200063
645257
629987
221477
177743
9479
307687
34457
190909
51853
321547
819149
768431
563999
202661
210499
76003
552047
809173
908489
488401
855203
47279
780631
394409
706661
929459
126713
442753
534707
820753
570539
541777
204299
852143
538709
393847
687893
193559
933389
762389
485417
203531
114641
98717
236681
250727
355753
806261
782087
760289
718169
379039
140351
190297
562091
370897
750797
356563
337189
842393
740359
46073
764431
28979
670177
332489
550369
648371
938369
853427
175837
387463
483071
634097
693061
920357
114967
622103
952687
594959
991511
978277
790459
422077
285641
159347
955319
645499
89417
239027
670303
221623
295837
613609
734429
689761
573851
566971
72313
406403
813209
486539
609929
342527
457421
737053
765953
239737
865301
852557
752911
977209
221729
137131
409781
676069
354139
149803
378733
110459
48109
18211
88747
134371
393403
293729
690419
318247
443273
32083
628357
239587
262391
624787
771047
939623
690187
504151
22433
805451
458173
53887
39839
373193
249607
910747
416593
214007
964577
456737
686437
580231
740549
251323
716351
430663
415039
921463
23813
904999
104383
824651
672577
515693
515693
695599
590389
488143
82009
363719
981601
185401
355361
756887
938359
36293
844351
846359
878789
240341
257123
433291
589783
412849
122041
29599
545329
719153
79693
679951
870433
574429
173729
35963
6607
439567
704281
435893
22067
137593
728087
236653
932131
385481
691343
256093
715087
241303
904261
530641
771637
500363
907297
991079
871531
996973
748463
560503
274609
424273
460777
24317
460301
191143
288089
942247
918779
223621
897307
385877
170447
491461
646003
423463
540349
957553
294241
478087
371843
12277
97441
627673
324637
84449
115901
539351
712301
420683
527291
630197
451681
561419
572653
741373
297683
113723
738623
100129
185767
11681
189901
409753
827429
203659
917827
332803
922357
564061
527203
460697
962197
220699
257783
463
235927
84463
176089
98561
691697
747919
608941
196177
5449
777269
30161
542981
946943
869381
378407
842801
85661
672767
926689
844043
548263
583853
483767
205913
531101
148531
499649
696313
303323
852259
543349
706183
162601
698543
685001
781007
374399
270709
11173
9967
204151
923641
948287
870407
460973
289999
885961
464263
145037
887233
74831
501719
330823
51521
378241
980689
503441
793999
351667
388277
346391
336227
520943
433003
388363
138977
539293
750161
503753
394879
391397
220613
861703
572239
283181
402511
737617
234511
804767
767147
686911
362449
85619
307529
56479
338237
185131
658309
673427
543307
819487
521819
972833
784471
267713
706547
993011
826477
691147
792443
500417
562259
803911
587659
437011
824843
909971
435187
395243
653893
177319
417863
895333
103951
572941
803629
526733
515311
958807
847531
17609
652601
212243
59671
493721
660053
583493
474017
527399
446293
464129
6829
637199
533963
773491
984689